kinematics:
  shoulder:
    x: 0
    y: 0
    z: 0.1625564889406156
    roll: -0
    pitch: 0
    yaw: -3.739593662510643e-08
  upper_arm:
    x: 3.627567548427627e-05
    y: 0
    z: 0
    roll: 1.57106347936585
    pitch: 0
    yaw: 4.454869834601055e-06
  forearm:
    x: -0.4251084480316826
    y: 0
    z: 0
    roll: 3.141524114296491
    pitch: -3.140318982467505
    yaw: -3.141584967649166
  wrist_1:
    x: -0.3923135785915959
    y: -0.0009149040555983105
    z: 0.1333226756645957
    roll: 0.006862221223990551
    pitch: 0.00013384824994424
    yaw: -1.102019178495324e-05
  wrist_2:
    x: -2.586991413322463e-06
    y: -0.09985329270556115
    z: 7.245389788197882e-05
    roll: 1.570070723430169
    pitch: 0
    yaw: -1.973139367866805e-07
  wrist_3:
    x: 3.438593752443764e-05
    y: 0.09959910990020099
    z: 6.51949996150092e-05
    roll: 1.571450900820398
    pitch: 3.141592653589793
    yaw: 3.141592559011199
  hash: calib_18328355048344771328